*********************** ALGO SOUPLE ****************************
r = 0.05, NBTEST = 4
Polygone d'entree d'algorithme SOUPLE : 
 class Polygon : [ (0.000000,-1.000000),(0.000000,1.000000),(3.174001,0.638620),(3.480111,0.142186),(3.526006,-0.291267) ]
Aire Initiale : 4.993083672860351
Methode iterative symétrique souple pour 100 itérations maximum 

Polygone de sortie d'algorithme SOUPLE : 
 class Polygon : [ (0.000000,-1.000000),(0.000000,1.000000),(0.472408,2.021463),(2.185625,0.283608),(0.712281,-1.986242) ]
Aire Finale : 5.0060286905890194
Nombre d'iterations : 47
Valeurs après chaque itération : [1064.035819491646, 1082.818910504134, 1097.7334823304225, 1124.1462005747592, 1142.4021574546055, 1167.4166010116944, 1190.34671597913, 1217.2956028958324, 1245.816365054258, 1273.8653300523329, 1302.589036565823, 1331.3994040916657, 1362.830455854462, 1390.9121610216234, 1415.1204974234493, 1444.5324081570793, 1471.0196136555287, 1497.967139279478, 1520.325064788731, 1539.1938214980305, 1563.5607509526549, 1577.1782436794647, 1594.0714404871499, 1611.728849203745, 1628.056187307389, 1641.8591605118102, 1655.2589320514728, 1675.7152106545936, 1688.3319401238102, 1699.9668057756444, 1713.1640275923503, 1726.127386779561, 1734.3187256370159, 1746.4585477247902, 1758.7677388919362, 1767.8177448131605, 1778.8672578689425, 1785.2855221745676, 1799.5031483710466, 1805.622110544737, 1814.8747338258772, 1822.3191384425934, 1830.657715106304, 1831.8184057128599, 1836.9710432917007, 1842.7639102273738, 1843.032431137112]

Valeurs après chaque itération : [1064.035819491646, 1082.818910504134, 1097.7334823304225, 1124.1462005747592, 1142.4021574546055, 1167.4166010116944, 1190.34671597913, 1217.2956028958324, 1245.816365054258, 1273.8653300523329, 1302.589036565823, 1331.3994040916657, 1362.830455854462, 1390.9121610216234, 1415.1204974234493, 1444.5324081570793, 1471.0196136555287, 1497.967139279478, 1520.325064788731, 1539.1938214980305, 1563.5607509526549, 1577.1782436794647, 1594.0714404871499, 1611.728849203745, 1628.056187307389, 1641.8591605118102, 1655.2589320514728, 1675.7152106545936, 1688.3319401238102, 1699.9668057756444, 1713.1640275923503, 1726.127386779561, 1734.3187256370159, 1746.4585477247902, 1758.7677388919362, 1767.8177448131605, 1778.8672578689425, 1785.2855221745676, 1799.5031483710466, 1805.622110544737, 1814.8747338258772, 1822.3191384425934, 1830.657715106304, 1831.8184057128599, 1836.9710432917007, 1842.7639102273738, 1843.032431137112]

